29033	0	225
27942	0	215
29104	0	214
38638	0	214
51709	0	214
39428	0	215
28704	0	214
37467	0	214
28334	0	214
27894	0	213
28583	0	214
-99727	0	214
38632	0	214
27876	0	213
37108	0	214
28841	0	214
28433	0	214
47569	0	214
90616	0	214
41392	0	214
27904	0	214
27850	0	214
36506	0	214
47390	0	214
39728	0	214
38178	0	213
44232	0	214
43807	0	214
28656	0	214
27817	0	214
39672	0	214
28385	0	215
31678	0	214
31427	0	214
28114	0	214
42341	0	214
27839	0	214
42761	0	214
36866	0	214
28303	0	214
27833	0	214
40583	0	214
27957	0	216
27835	0	215
28630	0	215
38055	0	214
38150	0	213
38193	0	215
27950	0	214
32344	0	214
41370	0	214
28126	0	214
27834	0	215
42904	0	215
32537	0	214
28091	0	214
28157	0	214
38223	0	214
27835	0	213
27838	0	213
27973	0	218
41715	0	215
60997	0	214
29792	0	214
27988	0	214
28584	0	212
37610	0	214
28210	0	214
28786	0	214
28127	0	214
52656	0	214
35370	0	216
28102	0	214
27868	0	213
40694	0	213
27860	0	214
42226	0	214
40214	0	215
51254	0	212
29377	0	216
47577	0	215
31875	0	214
28306	0	214
36093	0	214
50830	0	215
28056	0	215
27972	0	214
44758	0	214
31914	0	215
28932	0	214
34314	0	214
32022	0	214
27826	0	215
27962	0	213
28539	0	214
29172	0	213
55228	0	213
29276	0	214
28384	0	214
42306	0	214
27978	0	213
-47623	0	214
28950	0	214
28160	0	214
32561	0	214
31438	0	214
41411	0	214
32015	0	213
29784	0	213
41286	0	213
42402	0	214
46346	0	214
27894	0	213
28588	0	214
28054	0	213
28620	0	215
34128	0	214
39335	0	214
33761	0	213
33179	0	215
39033	0	214
41126	0	214
37558	0	214
38483	0	214
39369	0	216
28039	0	214
27934	0	214
27844	0	214
41248	0	214
36846	0	214
30849	0	214
-102769	0	214
41116	0	214
28277	0	214
40034	0	214
50004	0	214
28816	0	214
37947	0	214
39708	0	212
42451	0	214
54209	0	214
39452	0	214
37822	0	214
41087	0	213
27831	0	213
33218	0	213
33803	0	215
39945	0	213
28356	0	213
27856	0	214
27858	0	214
31621	0	214
42587	0	214
27872	0	214
39633	0	214
45852	0	213
51512	0	213
28112	0	213
35325	0	213
37435	0	214
50752	0	216
28229	0	213
40744	0	213
27825	0	214
36662	0	214
35657	0	213
32642	0	214
40375	0	215
47058	0	214
27909	0	215
27885	0	215
56142	0	215
51626	0	213
27899	0	214
28320	0	214
29503	0	214
31739	0	214
53208	0	214
46639	0	212
39438	0	214
28076	0	214
28870	0	213
36923	0	213
33117	0	214
52571	0	214
41071	0	214
35275	0	215
28487	0	214
39382	0	214
30688	0	215
40475	0	214
27824	0	214
27940	0	214
35075	0	213
44216	0	214
28572	0	215
47024	0	214
-100898	0	215
27827	0	213
46014	0	214
28200	0	214
39196	0	215
27907	0	215
51400	0	214
38618	0	214
50279	0	214
27841	0	214
30810	0	214
33678	0	215
-99874	0	215
27844	0	215
33148	0	215
28879	0	215
27914	0	215
46546	0	215
28015	0	214
28688	0	214
27977	0	214
34619	0	213
27814	0	214
50365	0	214
-99670	0	214
28087	0	214
27858	0	214
-107797	0	214
27817	0	215
27849	0	214
35358	0	214
46739	0	215
28008	0	214
38237	0	214
28893	0	213
50200	0	214
54222	0	214
47566	0	214
27849	0	214
37490	0	214
54420	0	238
34296	0	215
28196	0	215
55347	0	214
28171	0	215
38212	0	214
27822	0	214
27978	0	214
43161	0	215
44116	0	214
27826	0	214
28822	0	214
29002	0	214
42153	0	214
36539	0	215
27930	0	214
27852	0	214
52797	0	215
28872	0	214
40527	0	215
27851	0	213
32376	0	171
28147	0	217
63406	0	215
50398	0	215
31382	0	214
38322	0	215
27842	0	214
27843	0	214
30755	0	214
27842	0	215
28613	0	215
34769	0	215
44965	0	215
35429	0	214
58277	0	215
40956	0	215
33751	0	215
44838	0	214
27845	0	198
27840	0	215
40028	0	215
28557	0	215
34978	0	214
28134	0	215
28951	0	214
27973	0	214
37403	0	214
28644	0	215
27845	0	216
47908	0	215
41328	0	216
-102826	0	215
54030	0	215
50146	0	214
28256	0	214
28211	0	215
27874	0	214
27965	0	221
28454	0	214
28729	0	214
112462	0	213
28140	0	215
55357	0	214
28014	0	215
111118	0	215
28028	0	214
44523	0	214
27842	0	214
65055	0	215
32275	0	214
28148	0	214
34989	0	215
27838	0	214
28190	0	214
40910	0	214
27933	0	214
29911	0	213
28127	0	212
41467	0	214
27926	0	214
54884	0	214
28428	0	214
28825	0	213
27835	0	214
27839	0	214
40181	0	215
50553	0	215
27838	0	216
27865	0	214
30182	0	213
28051	0	215
27830	0	214
28806	0	214
28012	0	215
27965	0	216
38230	0	214
28611	0	214
33576	0	212
28658	0	215
27986	0	215
27836	0	214
44376	0	214
-92120	0	214
27768	0	215
34232	0	215
33281	0	214
27836	0	214
41362	0	214
38615	0	214
36503	0	214
28626	0	214
54546	0	214
27845	0	214
48770	0	216
36965	0	212
27873	0	214
27966	0	213
55061	0	215
27981	0	216
28102	0	214
27840	0	215
27883	0	216
51916	0	215
27942	0	214
28215	0	214
51284	0	212
39937	0	214
28291	0	215
51697	0	214
27796	0	214
33530	0	214
27855	0	214
27932	0	213
36728	0	214
35112	0	214
47715	0	213
28847	0	212
32415	0	214
35753	0	213
27946	0	214
27840	0	214
38758	0	213
28045	0	214
32233	0	213
47834	0	213
38070	0	214
27766	0	214
33302	0	214
27959	0	214
27781	0	215
50218	0	214
38042	0	214
43318	0	214
28162	0	213
28023	0	213
32551	0	229
59464	0	214
35978	0	214
28014	0	214
59495	0	213
27942	0	214
28184	0	214
54090	0	213
27763	0	214
40831	0	213
53199	0	214
28211	0	214
59909	0	214
38780	0	214
38269	0	214
27977	0	214
54432	0	215
53048	0	215
35790	0	215
27792	0	214
28060	0	186
51870	0	213
37737	0	214
28922	0	223
28499	0	215
57503	0	224
40932	0	215
54818	0	221
33702	0	214
28295	0	214
39697	0	215
28414	0	215
27795	0	214
58742	0	214
28053	0	215
27932	0	214
27844	0	215
29556	0	214
32228	0	244
46432	0	216
27842	0	215
36729	0	215
27934	0	214
48632	0	215
37290	0	215
27774	0	213
28664	0	214
41537	0	215
31799	0	214
47108	0	214
28828	0	215
53973	0	215
27834	0	214
54621	0	215
35229	0	214
27971	0	214
34040	0	215
60470	0	178
28230	0	214
31826	0	215
50357	0	214
27847	0	215
-108681	0	214
27812	0	214
35960	0	215
34564	0	214
41117	0	214
40299	0	214
29104	0	214
27821	0	215
37715	0	214
39111	0	214
38016	0	215
41576	0	214
40954	0	214
53724	0	215
27990	0	223
31575	0	215
37165	0	215
28708	0	215
32046	0	214
27775	0	214
28406	0	214
43951	0	214
40999	0	214
42553	0	214
27798	0	215
27957	0	215
44509	0	215
32786	0	212
68207	0	214
-107418	0	215
47746	0	215
27781	0	215
37795	0	215
36570	0	214
27785	0	214
47317	0	214
28149	0	216
32812	0	214
36526	0	214
28518	0	215
30546	0	214
40204	0	214
67274	0	214
40389	0	214
34055	0	214
40617	0	214
34644	0	214
31110	0	215
-97328	0	214
28645	0	215
39506	0	215
41325	0	214
27815	0	191
27943	0	214
34991	0	214
27798	0	214
71859	0	215
27780	0	214
27810	0	214
42388	0	214
29022	0	214
36170	0	214
46563	0	214
29503	0	214
27981	0	214
27780	0	214
50018	0	214
27864	0	216
40655	0	214
27860	0	214
28585	0	215
38248	0	245
28310	0	215
35585	0	214
40908	0	214
31338	0	214
139748	0	215
27790	0	215
36462	0	214
34020	0	215
27835	0	214
32709	0	215
28117	0	214
27855	0	214
36858	0	214
27798	0	214
27904	0	214
32640	0	215
27959	0	214
41466	0	214
39824	0	196
27950	0	216
27907	0	213
27811	0	215
50636	0	215
38301	0	214
49264	0	214
38566	0	214
45256	0	215
27799	0	214
41120	0	214
27798	0	215
27945	0	215
33326	0	214
36964	0	215
28100	0	214
147766	0	214
51999	0	214
34822	0	214
32354	0	211
54789	0	214
27814	0	215
28838	0	214
40405	0	215
57443	0	215
28268	0	214
39305	0	215
28094	0	215
28091	0	215
52654	0	215
46320	0	214
35656	0	214
66090	0	216
40145	0	215
45726	0	214
27984	0	214
54978	0	214
40559	0	214
35938	0	213
66684	0	214
28031	0	215
27901	0	214
28056	0	214
37035	0	214
36580	0	214
28115	0	214
45016	0	214
28195	0	215
28068	0	215
36317	0	214
45448	0	215
27792	0	215
47291	0	215
43813	0	215
30094	0	214
50970	0	215
30875	0	215
32657	0	237
28010	0	214
29671	0	216
-35269	0	213
30240	0	215
27930	0	215
41187	0	214
38745	0	214
27760	0	216
36644	0	215
46350	0	214
29982	0	214
28168	0	215
53090	0	215
28816	0	214
60213	0	214
27869	0	214
35663	0	214
34370	0	215
28308	0	231
27916	0	214
27822	0	213
27822	0	214
32469	0	199
33257	0	214
27782	0	214
30441	0	214
-96564	0	214
40240	0	214
27786	0	214
34388	0	214
37874	0	214
37536	0	215
28007	0	214
27891	0	213
40572	0	214
27772	0	214
29058	0	214
28242	0	214
45849	0	186
27809	0	214
28186	0	215
27890	0	214
40757	0	214
30559	0	215
28022	0	214
47690	0	215
31024	0	214
54570	0	213
33904	0	214
39996	0	213
27990	0	214
27761	0	215
28001	0	214
27796	0	213
39887	0	215
40308	0	214
27795	0	215
28070	0	214
28115	0	202
27919	0	213
27791	0	214
29243	0	213
30714	0	214
42230	0	214
29555	0	214
29256	0	214
30531	0	215
30305	0	214
32838	0	215
47400	0	208
40532	0	214
27961	0	214
37943	0	215
27828	0	214
28495	0	215
53972	0	214
42048	0	214
34328	0	215
29666	0	187
27992	0	216
28531	0	215
28372	0	214
28253	0	214
28072	0	215
27946	0	214
31922	0	214
31642	0	214
28424	0	214
49612	0	213
35965	0	213
55801	0	214
27779	0	214
35108	0	213
27799	0	215
32006	0	214
27764	0	214
31072	0	213
28578	0	213
46214	0	214
40188	0	212
50115	0	213
33342	0	214
27831	0	214
28750	0	214
44125	0	214
28596	0	214
-105562	0	214
27969	0	214
38348	0	214
34730	0	214
27992	0	214
-96116	0	214
28051	0	214
32956	0	216
43250	0	214
65560	0	214
27938	0	215
28152	0	214
36935	0	213
37926	0	212
35904	0	214
28585	0	213
30334	0	214
37057	0	214
42532	0	214
59031	0	214
42850	0	214
28097	0	214
28057	0	214
28031	0	214
35552	0	214
28567	0	214
42584	0	214
28054	0	214
28310	0	213
42126	0	213
28308	0	215
47150	0	214
51435	0	214
27775	0	212
38247	0	214
54258	0	214
38235	0	214
36667	0	213
28089	0	213
51022	0	214
27866	0	214
27858	0	216
-102284	0	214
53705	0	215
28472	0	214
40706	0	213
39338	0	214
28132	0	214
27809	0	214
44769	0	215
127840	0	214
39182	0	214
29100	0	214
50847	0	212
33480	0	215
49901	0	214
47238	0	215
49208	0	216
42864	0	215
50842	0	214
28318	0	214
27798	0	213
28438	0	214
28993	0	214
31578	0	214
27828	0	214
27948	0	214
28018	0	214
40886	0	214
42395	0	215
52497	0	214
27979	0	214
45937	0	213
54645	0	180
45682	0	214
49053	0	215
28103	0	214
27878	0	214
27945	0	214
27770	0	214
28546	0	215
44287	0	214
27791	0	214
41163	0	214
28070	0	214
28232	0	214
39148	0	214
28237	0	214
27778	0	214
45106	0	213
28724	0	214
55398	0	215
40958	0	214
36056	0	184
27796	0	214
57458	0	215
41720	0	214
50644	0	214
32986	0	214
36387	0	211
41800	0	214
42170	0	214
44056	0	215
52458	0	214
53676	0	214
28382	0	214
34062	0	214
27932	0	214
28100	0	214
43952	0	214
31518	0	214
27804	0	214
27939	0	214
32820	0	192
42020	0	214
30011	0	214
37848	0	216
28088	0	215
39236	0	215
101858	0	229
66197	0	214
34034	0	214
27913	0	214
34311	0	214
29218	0	214
40812	0	214
27804	0	214
27783	0	214
37086	0	214
46355	0	213
27858	0	214
28038	0	213
28302	0	214
47567	0	212
31886	0	214
41620	0	214
34533	0	214
36664	0	214
48975	0	214
65602	0	213
31866	0	215
29956	0	214
40191	0	214
50453	0	216
29992	0	213
27794	0	215
29006	0	215
31518	0	214
28073	0	214
48200	0	214
27934	0	214
27763	0	213
51083	0	214
38529	0	213
28132	0	214
49342	0	214
28139	0	214
36025	0	214
41845	0	214
32048	0	214
38973	0	214
37503	0	214
27963	0	214
48392	0	215
27980	0	214
30368	0	215
28122	0	216
48128	0	215
42495	0	214
50452	0	215
33833	0	216
27856	0	214
58427	0	213
39011	0	212
32866	0	215
49282	0	214
28992	0	215
-103075	0	215
47670	0	214
28122	0	213
38728	0	213
27930	0	213
49156	0	214
41033	0	213
27768	0	213
44194	0	213
27766	0	214
41788	0	215
36742	0	213
42213	0	214
27838	0	213
28960	0	213
35895	0	214
38172	0	215
27769	0	213
27957	0	215
-103813	0	214
35865	0	214
27831	0	214
35562	0	214
56108	0	214
32378	0	213
39300	0	214
37440	0	213
54161	0	213
36086	0	213
44091	0	213
37203	0	214
31669	0	214
43142	0	215
28096	0	216
28368	0	214
43862	0	213
35728	0	214
47225	0	211
43661	0	215
38410	0	214
62076	0	214
36269	0	214
27851	0	213
41798	0	214
-90615	0	214
41399	0	214
47904	0	214
28181	0	214
27862	0	214
29166	0	213
27899	0	214
28920	0	214
38103	0	214
54554	0	214
40704	0	214
40276	0	215
36302	0	214
28010	0	212
28638	0	214
27842	0	214
27834	0	214
27846	0	214
46780	0	213
46797	0	214
27998	0	213
27840	0	214
29029	0	214
49292	0	214
35999	0	214
38795	0	215
40556	0	215
28396	0	214
40006	0	213
28192	0	214
27835	0	215
35872	0	214
40352	0	214
57316	0	213
-108166	0	215
40581	0	214
50348	0	214
50202	0	214
27847	0	214
28184	0	214
28487	0	214
39128	0	215
41002	0	214
27995	0	214
45542	0	212
41396	0	215
48598	0	214
28561	0	214
28118	0	214
28692	0	214
28526	0	214
28558	0	214
41294	0	214
55669	0	222
28476	0	214
44188	0	213
47598	0	214
50981	0	214
41440	0	213
34217	0	214
42300	0	214
37800	0	214
31938	0	215
27902	0	214
27884	0	214
42915	0	214
37284	0	214
28726	0	214
52423	0	214
28916	0	213
35059	0	213
51492	0	214
57771	0	213
46784	0	213
61267	0	212
41708	0	215
44497	0	215
38214	0	214
42922	0	214
35462	0	214
37942	0	214
28810	0	214
52994	0	214
27900	0	213
32199	0	213
28926	0	214
53850	0	214
27840	0	214
48970	0	214
27961	0	214
43314	0	215
40305	0	215
33184	0	214
45687	0	214
30328	0	203
38043	0	214
28218	0	214
35196	0	214
35152	0	214
44415	0	214
28872	0	213
27817	0	214
40177	0	214
-106310	0	214
47166	0	214
27956	0	215
35045	0	214
28619	0	213
42091	0	214
40072	0	214
51579	0	214
28973	0	214
42292	0	213
28058	0	214
30114	0	214
28072	0	213
28614	0	216
40904	0	214
28234	0	215
33848	0	214
139841	0	214
37437	0	214
28256	0	214
27817	0	215
27804	0	213
49811	0	214
55590	0	214
29099	0	214
52190	0	214
37716	0	213
41630	0	214
41526	0	214
27833	0	214
58976	0	213
40875	0	214
41056	0	230
28010	0	214
27919	0	214
80548	0	213
39288	0	214
50879	0	227
39359	0	213
27973	0	214
28567	0	214
53625	0	214
31421	0	214
28533	0	214
53082	0	214
38989	0	214
27843	0	214
27851	0	215
47570	0	215
28076	0	214
28654	0	215
28920	0	214
35907	0	213
39090	0	214
28860	0	216
28050	0	214
30180	0	214
27868	0	215
33283	0	214
28109	0	215
29194	0	214
56332	0	214
46465	0	214
38426	0	214
28076	0	214
54271	0	214
27988	0	213
28126	0	214
27834	0	214
47939	0	214
53220	0	214
28016	0	215
34152	0	212
27848	0	214
82189	0	215
52621	0	214
47473	0	214
37994	0	215
33425	0	214
27992	0	214
54648	0	214
61328	0	213
32328	0	214
28580	0	213
47815	0	214
29990	0	213
36362	0	214
28365	0	214
35403	0	215
27844	0	215
29553	0	215
38234	0	228
27995	0	214
38216	0	214
40452	0	214
38017	0	215
38172	0	214
42133	0	214
28353	0	214
28216	0	214
27832	0	214
35101	0	214
32247	0	213
43264	0	215
38447	0	216
-103728	0	213
27847	0	215
27818	0	214
44237	0	214
42063	0	214
28755	0	213
27985	0	212
55879	0	214
50958	0	213
39302	0	212
37478	0	214
47032	0	214
28893	0	214
46276	0	213
53625	0	214
27839	0	214
27913	0	214
39740	0	214
40584	0	214
37372	0	213
38310	0	214
39905	0	214
31863	0	214
35626	0	214
-106335	0	213
28180	0	214
35464	0	212
40075	0	215
47258	0	213
28149	0	214
30627	0	214
47442	0	214
48772	0	213
41317	0	214
32524	0	213
27968	0	214
27832	0	214
28494	0	214
28031	0	214
28423	0	214
38391	0	214
48104	0	213
28192	0	214
28014	0	214
32214	0	214
48085	0	214
43904	0	212
40384	0	214
27850	0	214
28080	0	214
27922	0	214
29296	0	215
34140	0	214
28018	0	215
54651	0	215
39432	0	214
46338	0	213
38868	0	214
40790	0	214
29101	0	214
27963	0	212
38205	0	214
